24
21
4
500 0 0 0
1000 0 0 1
1300 0 0 1
1600 0 0 1
2100 0 0 3
2100 300 0 3
200 600 0 0
300 600 0 1
600 600 0 1
1600 600 0 1
1800 600 0 1
2100 600 0 3
0 900 0 0
600 900 0 1
800 900 0 1
1200 900 0 1
1600 900 0 1
1900 900 0 1
2100 900 0 3
900 1200 0 0
1400 1200 0 1
1700 1200 0 1
2000 1200 0 1
2100 1200 0 3
1 2 1 1 0 100 100 0 0 0
2 3 1 1 1 100 100 0 0 0
3 4 1 1 0 100 100 0 0 0
4 5 1 1 1 100 100 0 0 0
3 6 1 2 0 100 100 0 0 0
7 8 3 3 1 100 100 0 0 0
13 14 4 4 0 100 100 0 0 0
14 15 4 4 1 100 100 0 0 0
15 16 4 4 0 100 100 0 0 0
16 17 4 4 1 100 100 0 0 0
17 18 4 4 0 100 100 0 0 0
18 19 4 4 1 100 100 0 0 0
21 22 5 5 1 100 100 0 0 0
22 23 5 5 0 100 100 0 0 0
23 24 5 5 1 100 100 0 0 0
20 21 5 5 0 100 100 0 0 0
8 9 3 3 2 100 100 0 0 0
9 10 3 3 1 100 100 0 0 0
10 11 3 3 2 100 100 0 0 0
11 12 3 3 0 100 100 0 0 0

