24
20
5
1 500 0
2 1000 0  
3 1300 0 
4 1600 0 
5 2100 0  
6 2100 300  
7 200 600 
8 300 600 
9 600 600  
10 1600 600  
11 1800 600  
12 2100 600   
13 100 900  
14 600 900  
15 800 900  
16 1200 900  
17 1600 900  
18 1900 900  
19 2100 900 
20 900 1200 
21 1400 1200  
22 1700 1200 
23 2000 1200  
24 2100 1200 
1 2 1 0 0 100 3
2 3 1 0 1 100 0
3 4 1 0 0 100 1
4 5 1 0 1 100 0
3 6 1 1 0 100 3
7 8 2 0 1 100 0
8 9 2 0 2 100 0
9 10 2 0 0 100 1
10 11 2 0 2 100 0
11 12 2 0 1 100 0
13 14 3 0 0 100 2
14 15 3 0 1 100 0
15 16 3 0 0 100 3
16 17 3 0 1 100 0
17 18 3 0 0 100 1
18 19 3 0 1 100 0
21 22 4 0 1 100 0
22 23 4 0 0 100 2
23 24 4 0 1 100 0
20 21 4 0 0 100 1

